xx 11101110011111101111110111111111

1 16111,11,171111 1611111111111111 111161116114 (1111110111 ,⁴ 1971111
11.10111111 191 6111114 , 110111111111110. 111110.
17,10,11.141411 deoembt· 11114. (11111111111111111 ἀάο11101,1041.1111101
1,11141111,14111, 6101111111104111. 111111111,1111164111 11,
714322614429‚rt} 1110011,16111111919Ι 79111. defendes,29=8·

.4117.114114.6. 111114 111111111114114. defendebat, 11117.
14,11,16141;1,7, (111111111141161411161 110101117111171111. ᾶςῑςηςιςῃὼηεοηοι,
1.111 111111 11111 1ο11111114τ1 111111.11111111111 defendendum‚4⁶: 11,
17111191141611111 (101111111111111117111 111111111111111 111111111410414111444.
66111141671111711 11114Ι96111- 1111111111111111ᾱοῑωᾰαςῃωῃη,
317111171111791 1111111111,16111. 11114111411111111 defendem‚95214,

ς, 101 101 11111, 11101111101,6711. 171111117111111. ᾱςῆῃᾶ1,,64;4,
11,11,10111111, 11εο11111111,1101111111 111111101110111119111. 111011111111119111611-
171111111141111 ιο. 11011110111111,11416. defenditjfflwu„
1117, 111 1111, decernuntur, 111 101 &detortam 111111 116111011011111111.
91911111111111 1411. 197111111111. aestuabant, ,ης 211
11191161961101971 110011Ῐαιῑ,111111. 11111110111,17711. 143221· ¹ ,
11 100141101111 ἀα11111117917. 1101111011,11111· 1111111111ιο111111111.
1091161111 1161 ἁπείΐεειιηῑ,110114. (1011111111114111141 1άῃ141,4η;19, ·
1141111 1111111 decess‘rffe,rr:r. 111114. ᾱάςῃίῑοῃιωμιςς. ,
1171141111,11,1Ι 0111111119411197116. ἀεάιῆιιῑ,1119110111 ἀέεῃίοκςῃειη.
11111,4,6,711111 111111,111140111411 11111. defensoribus,21:4.
111191911941101 14161111171111111111111,16111911111ἀεὶιηΐωῃμσοηῐ.
11111111411111111 1711111411111091 1011111111111. ᾰάηΐω,ι11;1011011 .

, 14111114111111441111 911101111111111 001011,1011161 1911 18.
1471911411411111 110111. 1]- ἀέεῆῑ11091711111171
11111111111411. 1111111141111. x dedrderanmurzo· 111111.
1111111111111111 (1111110111,“11119. dederent‚102:rr. defurmwsurwu»
1101111111911711 11001111. 114171 dedidisser‚91:1³· ’ 111111101,1161411111
91 11111,1111171 deduantmzz. . dediffermze. 21.

161 191117119411, 1111111111101,101191 16111 111111111119716, 111111111ω1141114116.
1110011111011141 11111111101111. 61111,1111141111411 deficerent,10⁶:20.
106117,11,1111071 declaratur, 11117. 1111111111111611 deficit,2zo:20.
10111111,711111 declinando, 174111. 111111111100111(1111111111,171119.
16,17,1111111101 1001110171110. 111111. 1011111111,1111111111.
11114,10111711, decoramur. deditdmzm. 1111οω11111,19119.

· 10,11,1111111111 decorabant, 10111. 111111,111111; 14 l (1110111111111110919.
11011111111111, 1110011,14111. 101114111411. 11111111,11011011961
1,141111110. 14, decore. 14611. (1011101191 101 1141 11.
11,11,1111141111 decori, 71111111111 11. 1113101111101110.
11611411171111111 1141111116. 11111111011111191911111 degrediens, 1041111
4,10.11,11Ι 1111 1110111101,17711. 1171111114141 degredientem. 171111.
1,11111014110. 11100111,711ο141111. 111111011011111141111 degress'ur,192:20.

deque, 1111. 11111111,141171611111 11,111941111011 flammarent. “

1101114111. 111191171411111 111141111101111111017110.

1111111111,1111. 11117111111111. 11111117111711111 dehonestamento, 1001 10.

debeamus 17. 11101111,1411. 11. dehonestamentum, 1111

debere, 1111101 1111 111111111,16111110111 1141111011111111111011 17.
11111011111411. 11911611111111111 114. (11101111111411111.

deberem, 111. 11. 11191111. 11161111,111110. dehortamur: 10.

deberenr,r42:14. 11101110,11111114’11111111111101,1911. 4110141119111111111

6111111101. 114110. 1141111191111. 1111100114111. 11114111191111111

dehabens. 1111111010111,164111. 1111111111,11114. 111191191111111

1111111,114111. (1111111111,4111,11411 1111101111,197114. 10111110111111

, debetis,229:re,17‚25. 11141111174111111 deducendie,99:9· 61111111111711
111111ιί1.1111. 141161711111711111111111171111101 ultumum*

1111110111,11111. 111191111119. 11119110711. 19111111114111

1111110111111111117. 1101110111111111011 11111υᾶ1,167116. 111141111719114

ἆώίῑω1111114· ’1111141111111111 ἀο111111111,1611111111 91111119111101111

debuitnuzrr. 1111101141110. 10. ¹ 1042101105=4›¹6»

61111111116411117011111111111,14111141110111111,11117. 111107117111111»
10111111. 10116417. 111111111,111111, 14111117111111·

1111111111191116. 111111111111114111. deess'emzrodffls. 11111117111911,

deoedettfltsutn· deerevenmrzrz. defecerantflrzrzlruz 1411111111111111
decederet, 961 1. 11111111101111114111. 91117111. 11,11,11111411.

11110.7411Ι141111 decrevi, 1111 11111 &mnume- 1711111111111111

 

