' s

xxv1

9116911111411161
141191141111.
111111111111,1611711111
11111116111111.
equitatus, 1611 11 1111
191141111.
61111111,16114119161
99161161111166141
16111,111117111
111119111111111
161141117,1111411
161146111111111,
111176111191114
6111111111ω61111161
11111111611111611
1711691611161161
11111111171111
1461161111116119.

“ equitum 1 6114116111

111117111116114.

11161141611111141
19411.

11166111114611111141
11.

111161,1116Ι1661141
141111.

111111,6916.

111111171 1611111,161
11111141111111111
1111411114114111
161111171161111
7119161111161411
11161111611161
6711116919179111
14117116161191111
9111164111196141
911911611111611
16116111711671141
1711691161111111,

INDEX VOCABULORUM OMNIUM

1111,1116111,111 1611111171116171 111111,14,1611141

6111,7,1,11,171
641916619,111671

111117,111114161

,11111111191 17.

16119111,11176;7, 1111111611161161119.
1,11171119171111 1111111111116.
7611,111791161161 mantem, 147111.
1,171111111111111 1111111111617.
11111116116111911 111111,141161
1,161171111911141 1111111111,111119.·
91111197111,191 1111611111,141111111111. 111111117.
91111116611111611 1111111111,14111.
11,16116111,6111, 11111911111114117.
111 161161 166 14, erumpetet‚t70: 25·
16111,17,161 1671 116111111146117.
6116911119,111141 1111111,111141961111

11611, 7, 111161
11116111111711141

111111111111111111
111114111.

1411111111116111, 1111111,161111111111.
171111171119114, 111111166111,176111.
111116171111161 11,6111111411111ςίῑ

1111111111114ἓὶ21
11611,1Ι 127214!
119191 1111114171

1111671111169171
11111111111611143
4‚8,15.

1161171117161111 1111611711617111161

1111111119111,171
14616,19Ι 1411111
1711441111111461
161141141141161
111111111111141
11611111611111
16114116111111711
9117614,1,1111791
11111111114171
11611111111111191
1111941411991111
11111111711711111
11111911161911111
191111111117111
almus.

14111111111111161 111111111111171111
114119111111,111 69114171111111111.
’1111711111213111 1111111117111.
11111111191111161 ereptoe,90=7·

.· 711111191111411111916111,1111·

11,16114411111411 ereptimtstzs.
111149141116τ111111661114τ7·
174116111111111161 11161761411111611111
1111661161161161 1711141111911111

11111191 111161111
1111611161911191

’ 1911171111

11611911111111161
11.

ericii, 1171 ς.

61111171611117111111111111111.

111141111,11191
11111114,161111
141111141161111
16,111161111161

111911116719111111.
cuperentur, 17114.
1111111111,111116.
11111,41111.

1,1111111116Ιῑῑτ 1119111111,46116.

111 1119,161 19144· eripiebant, 16116.
41111 1, 6 1 10 ² eripiendum‚³9:12.
411111,1116Ι1ῑῐ 1111111,1111.
9111,1911111,141 1111111111,19111.
111141161111111 11111111171617111.
1611111614,16,11Ι 1111,411111461171761

,1717191161191161
411111491111161

417611119191961
11111111111171111

1716,111111111191
1111141111111191
411111161141101

10.

1Ε1111,76111111161

111114116.

11111111117114.-
16111111111111111

1116116411711141
1111141141196111
111111111611111111

11161,116161,11.
111“11,1111,16116191

171161111171111
1,11116111171111
111711911141111
411111461161411
1149119161τῑῑΙ
11111611111641
6111111111111411
1911111611111663
1116111611111111
1161111411711441
1911411111111141
171117111911611671
1111161111111111
1111111111111111
²80

1116,911611111111111111111114131

1711,1111.·1Ι461
114111614119,161
1611111191611161
6411,11,14161116,
171691111761171
7111,1717111Ι711
11171111601141111

11111111117111111,

219o:2‚3,6‚13,16!
91111116611611611
11 16111711661111
419 161111,1411ο1ῐ
171111111111119Ι
11414111111611171
911191141111191
111111111111,111
11416111111111161
141117111111111,
11,11111911111111
16111111111111111
11411111711111111
161141171141111
14117114911111161
911111111114191
1111111161111111
9116611711111611
1111111116411141
169116117911911111
611191111191111
191117119911111611
1911641171111111
16919,11, 1111661
16111116111 ,61
11111611111711111
111161161116111
1111111111114111,
14111611111716,

111111111113111
ammantat
1117191171161111
1617,1111714171
111117,11141161
1,111116111171111

1611711119119161 .

1711611111117,111
1111116141171201
161171 19111 ,161
4611,11,1714111,
1111141161141111
1114411116141111
4611,11,1114716,
11141111141141111
ςος1,16111111119,
141111141111111
11,11111161111ο1
111711111411911»
1,16,11166111Ι611
9,11161111611111 .
64111116161171661
1,14.169116,111761
1111116111141111
1111171171161111
1917711317Η11Ηέ
1,14181.·1111611
17114111 111141
111411611611714,
1,7111114,171111
ς,1,9,161111961
mmm: 11141
911161971111111
99111116611111611
161161111111ΠΗ
16111111111141
16111111611161101

111111111171111111 11611111411111111111191141111111 119111111916111

 

