1 INDEX VOCABULORUM OMNIUM

11114111. Meso tamiimxtm. 111111111111114114111 611191611111111
1111116111,1161161111 1111111111,111111. 1111111111141164; 111134215113725}
411614917161111. Μ111111,111119,111 111166111171111. 111111111117.
111116111111111. 105 1111 1111 111 11111111.411“41671 111 1111111,111111111111.
1111161111με111111 11111,11 1111111 11114116111171 11111111,1114111111Ι

1611161111661161 16111111711111 1111141171111141

119114.
1111111,111114.
1111111,11141441111

111119.
11111111111114111.

166 t 1.
”11111111111,11117. .
1111111111,111117.

117111114111.

16.

11111τί11,116111,11. 1111111111,11 1 111 17 Ι 11111111. 11111.

, mentitus, 111711111
1111111114.

11116,19111411111191
17166161611161711
10114171111711
111171411111171
11111111771111711
61 1161111117111
114114111111111111
1ο,11.

1111611111,61171711111
111111.

“ 111161,1111 1711161

⁴0

11111111.
1111111111,11411.
mercatoribus. 1111 17.
mercatus, 16111.
1111111111, 111111111111

1111 11 Ι 1611111

16111 Ι 11111.
1111111111116117 Ι 1611

1111691111111111.
'mercenarium 11111 11.

· 1111111111111117111.
1111161111111111141

11419.
11111111111111161111.
1111111111,11411.
11111111ῐί1,711 mneos,

145217·
meridie, 161117.

11111.

Metello, 1611 1111111
11111611711611111 16111.
11611111411111111 1111111111111,116111,
1111111111111161 1111111111,116111. ’
11111111,941111191191 111111111161114111111111,111111191111
’ 1117111711991111

11111.

1111111111111611111117. 1171 1111911111111
11111111.17171171111 Μ11111111,11111111191 141114114.
611111111116111 1111111,61114169111.
111111111111111111111. 11711111111141 Μ11111116111μ11611
1111111111,11111971 11111111141111 1,11166171611141

11111.

111111 52:5‚17
11111111111171
1511141 1111111 941111911711663
11111119, 1211058
111161171161111
11111111111111111
11116111111711
111111,16111917
1232151124241129‘
1611111711141111
111114111711111111
111111111111401111
14111114111111441
1411411111111461
11111111111611141
1161111197111’

6111,1176116.1111
16.11,1411111111

7111174161116111.

14111111141100111 ΜίεῐΡΐΜωΙόπηΙ 1111111111 111

16116111111,111 11111.

208: 19.

111161 1141111 1111 Micipsam, 661 161 11411. militia, 1191 11 1 111111.

11111611711171141 Midinom.
11111117111111, 1111111.11111116,111
111111111111161

1141111171111111
11119111111111
11111111141161
11111111111, 2¹!
1161161 1711171
ι141111171111.111
17616.
metimus&

1111111ῐί, 11161 1111 Ammon 11.

Metrophanem , 1711 19.

1111111,11,716117111

1611417111111411
41461111111111
67111771161111
11111111196141
9711411111111111
11111111111111171
111111111114,111
116111111111611411
1ο114111111114.
111116111119111
1661111111641111
1661611411671191
16911611111111
11111111111111111
111111111111161
111117111,

11111111.641111119111 11111111111,1114.

117114.
11111111,14114

metuendum, 1641 111 militabat, 11616.
militando, 11111.
111ἱὶ11111,1141111·11611. 111111111.

111116.

merito, 1111 1411771 metuendus, 711 11.

11.

11613511111111141
11114111·
’ 11111111,1ο116.

. macrinum 11.

1611611611ωωί, 2072 12.

ammaum· 1111111111161111 1‘625· miliumffl‘lw 11

. 1111111111,711111141116. 111Ιὶ1111111111111.
11111111411111 411 1 , 1111111111,17111 117111. militares, 11 111.
militati, 111 1 14
1111Ιὶ11111.411111 1111

metuenti, 113221,
metuerant, 1141 17.
1111111111,1111611111
111111111114111.
metuere, 11111.

111111111611 1111111161

111111ιὶ1.91111 119171
111111111911.
4161111, 61 1111 1 11111 1111111111,1611141111141
161111171411,11111 1611611611141191
111916117141111 1111111171111711
4111141116,171111 1111961111117111

16,16146114141.’ 111111111117·
1114911119141611 11111111111,611,11111
1161114,17169;1. 11111161411111
111111141711111 6111619611611161
7116111111117111 91117111111111,’
119111111611111, 1111111111,7191116111
171111111,1711111 1111191176111
mmm, 1611111 16117. Φ
11114111111111111 1111Ιί11111,111111111
1111111111111161ἓ 111161111111111
17Ι1611111166111 1119611111111161
17111117911111111 11111111111711411
111111111111111 611441611411111
191141116111116, 17711411111111911
1111171611111111 1111411. ·
114161 11616,11. militibusque, 14111.
1911171111111111 11111111,1111.
11911111111711111 militum, 11111161111
11,11,171114111, 11111167119191111
17,1111111111191 111 1 61 1111 11
7,11111611,11,17, 11611711671111
111111111,11,19,’ 16111411141411111
1116111111711111
116111111116,7Ι
11111.
1111111119111116119,
11111111,161 11711141

11111111,11114111.

1111111161119.

11111Ιί1111,11111 1111161

mfflfiaff‘m: 11 Ι 1111
11111711611111161

11117111111111 ,1741191114111

111111114117. mmmm·

11111111ιὶ111,71111161111 11111111,111161 14117ᾖ

14111111, 11114,

 

111116711611111 ,

