11111 INDEX VOCABULORUM OMNIUM

mantuanum! 11111,11,1111111 11171111111111 99111,1ο711111111141
171111111111. 111111111,1911111 111611111111411, mgm.
01111111111111111111111 111401111411171 17116111111111 opezibmnuzulm:
56:4167222110527! 1461611471411411 111191961111ο41 11114111111611111
11111111111611111 7,11111111111141 171114111,1111111 11111.
111111111111111 1111111141111111 611111111111171 operimentmoom.
11111711111111711 111611141114111 1141111 11611111 01111111,11111111116.
1ο117111611111ιο. 1661111741411711 1³³=¹³l¹34=z111452 optritu1‚1³7:27.
Omne⁸2⁹²¹⁹l¹¹²2⁰² ²5l¹90²¹⁶l¹91²²0l ¹7l¹4⁸=19117⁰=¹⁶l 61111,11111·114141111
111141111717,111 1111111111111,11, 17611111771111 111611116171111
11117111111111111 1111111 141 111111 1911111111117. 1111111111 411111
11111117141111 11111111111141711111111111,7η1ωκ[1ν, 111111111111111
41111141119111111 1111111911411111 671111141110. 161161191161111
11111119111711101 11119111111111110111111111111111161 11411111ο1711161
771141961711171 111111111111ο11141 191111“1ο11,111 711611111161111
11111111111111111 1111111711171111 40111111441111 171111117711111791
11711111111111111 1111111111111. 4611111111111ο1111 1611111111111111
7114011411411191 01111111111111111911 111117119111111 11711411161111191
14111171141141 1111111171 11111111161171111 1,71111111.
16111111671411111 011111111111141161 10111411111111 0111111111,11οι1111114,
4117411111791101 111 11111111111 11111111111611111 61111111η11114111411
11ο11,1111111,111 1111111111161141 711272251110210! 10144:5›9!51:⁶
¹9²=2³l¹⁹⁸=7l207= 1411711117 411111 11111,11111411ο1 1111171111116117
11111111011111171 41111411161141111 1111 1711111111 11111111711111111
. 1191141111111111 6111111191117111171 141114,11114111, 11116111111111111 ’
11111111011171111 11171111711171101 1911471171141111 1161111111111.
111111141711111110· 74.111171111101 111111 11111161 01116111,191111111111.
1111111111, 1111 n. 11111111111111111 1111 ιε 1 111 1 2, Opimius‚74: 7·
Omffl=7²²⁰l50²¹72 11111111111111 7,1711111111641 opini0,2;1=11.
11111111166111671 1οοτς,1111ο611, 16111111111711,91 ορίηίουε,1ο711411161
1611117111 161161 16110911711111111 16111111711111771 111111111110111.
111911111194111 11411111111111111 1111711141111111 opimonem,124=6.
101111111111711111 14111911111111111 11411111911911111 ογὶυὲοηὴμμω.
1111171111411111 11111711111711111 1111141111111111 opinnr‚22⁶:12,2³1
1111611791111191 16111111111141191 11411111171111 11717111419.
1111111411ο1111 11716, 11,11,171 1111111111111,141 ορὶ1,1911111711·
· 11111111111911141 14111,11Ι 141171 11411111171-111 6111111ιί,11111
11, ι4411,711411111461 111119111111111111 1111611111, 6611111111
61111111,111,1171111 7,161 numo} 41111111111411, 22.
11111914111141111 11111111141111 11,14. οροηιῐ,,11411.
ι1»9,1111116,11, 11911116111111111011111111111, “ οροηιιηὶπυηηωηηεηό
¹ 111111411117,141 7,11111οε6119ο1 0111111111,117116. οροη111111111161114.
111111111111141 6,11111411111ο41 61111111.11711111111 ορμιίοι,1117.
1111117,1117141 1ο11ο71161111111 · 'oppetitetunnssullm
1911111ο1111ι1 111111111111111111 0111111,1711111111111 13·
111141111611116, 111111117. oppexinu, 1461 1.
,17141111411111 omnibusque, 1111111 omninum. oppetiummnwzn.
4711,111111141 6111111111,1ο11119111 11111111111111711111 61111111,77141711111
111111117,916114, 14114117111111111 111111. 11111111111 111
14164111611161671111 11119119. 011111,111Ι111116111 1161111111 11711771
7ο11,1117111,171791 omniqu3,230=14, 61111. 111171111111114.
11111111111111111 61111111,1141171111141 onenqummu, oppidani,111:⁸l112=
14161161111114, 111111161111611011111111917. 17111111111417,
111111111111111911 14171161111111 0111111111,111111. 11111114
1111111,1111οο1 1611111οο11711ο91 1111111111 1111111141 611111116411ο11111141
11,ι111ο1111,11, 1111111411491111 11171111111141 16.
14111111111641141 1161111611111611 191411111 11. oppidi, 1411111 1111111
196111,11114111Ι 1111611111171191 ορεω,111111., 11111111111111141
111111111111411111 17111111111711111 ορα1,11111117ο111 176111Ἰ
20 114:;9,2⁸{11s: 1111ο111111171111 11116. 011111111111111111411
20 11611111171111 1111411111111141 011111ηο111111111. 19. ἢ
1191111161411111 11.. ορωω,η1ι111111191911016711111161
¹2211232251124210 οω1111,711111111,1111 „maenum 11111111111111171·
1111111117114111 11111114111191 1141161 1161111 11111111141111111
1111191 nomn 1ο11ο11ο14ο111411 mutas. , 11111614,1111111
11111111141111111 16141114146111111 unumquemq, 11146111171111

 

