QJAE nu 1111111110 1101111111.

11111111111411.

egtedienti ‚ 11 11

egredientibus, 111117. ‘

egreditur, 117114.
egrediuntur, 71 1 14.

1711111,11111111111

6114111111111111
11111417·

161111161-11111611 1111111111,1ο119111114
1111711911161111 11111111,61116.

1171 141 1191111 1111111111,49111.
1941411111-111111 111111,11111.
611141111117111 enitimini, 6614.
119111111111711111 111111111111,4111.

14 , 1111111111117111.

1111111111,11111411611 1111111111,11111“,

θεῖςὶἒ.·191111611111 161111111111117. 1ο,71111614,111191
ejusmodi, 1171 16.
ejusque, 111 1 11.

228 16.

connum
1111111,111111.

‘ss

11111η11111111111.

17111111611111 1111

11116119.

egregio, 111111.

egregios, 204: 14.

1111311111,111’11111111
1

911131111αο117141111

128213.

egtess'a,169:21.

. ‘ss

20129.

11611.
nouusque, 9111.

=eguire‚43tzo.

:t

. 11111111,111119.

nisti, 111 1 1.
111,7111.

11,111111111111171

111ἃ1,791711ο11

, ejectus, 61111.
etque, 91 1 11.
111,11171111111.
eisdem, 1171 14.

· 11111111,1411.

1111, 1141 17.

11111,1111111111161 emto,1⁶5:6.

14141111111671111 οιιιὶ,641ς’.
11111111111611111 1111111111111,14ο1171

61119111111111

11111,169116.

Ε11ἂιι,111 17.

elegantius ,111 1.

elephanti, 16 111117 1
1

111121111111, 114171 1171
111111111111111197111

elogium, 11111.
eloquentia , 491 11.
egressi, 111111 111 1 11 eloquentiz,5:18.
eloquentiam, 116 1 11 1
egrestius, 36:91932116l 111111.
119116,ι91141111 1111]111,111111.
1111111,11114.
eluuntut, 119111.
111111111111711.
ementiendo, 111 4.
emergunt, 19111,
1111111111,1191 11111 1

91111141171111
1111,1111411.91
tszsluzmlm
20l4³=2its=19l
47=³lso=sl51=1³l
1111116111167111
76111791111111111

91111 ltt=4217 l
111 161 1141 ι ,61
116116111911111111
7,111161611111191
111111111611111171
11111111,1111111
111111 1111411111
1441111411111461
111141111111111
11111911641191
ι6611,111,1711111
11119111611111171
1111191111161111
11711111911111111
1111119.
1ὸ,116111114114161
17141191191141161
111111461141111
1114114111111111

3, 1-9ι

114112.

11711.

’Πν-
111141611111611
1171111177161111
111171111111111
191111 9111. 24!
91114111611911191
11111114111419.
1411171411191111
1141111161111171
6111119111111,
111111111116111
17111711761111161
111119117, 1111171
9111111111111111
111111111111,11, ,
16111111111111141
22322026.

141611914191111101,1111,111161111

111111111111111
1911117,ι1,111
111111191111411
1³l42=2‚12l44=71
70: 161711111111
1411111,9116111
1711 111141191111
9711111711911111
1111111111117111
11111,ι111191111 -
11111111161111191
11111ο1411411111
14911111111 ,111
11111111111911911
1111911411111111
11116111711111191
611111711111111
11111111141111111
11114111.

61691117911111111011111111111111111
11,11111111’911 91111111111.
171161171191111161 1111111,1111111116.
911111161119117, 1111111111,111111,111
19111111611111 117111.
16111611111141111 epulonum.
11111,9,1911171 epulantem.

’ 17111111111711111111111.114111111411.-
14111111471711611 equet,22:13.
11171114111111 Ι 1111111111,111111.
1111111119117. 1111111ιί, 141 1111111

1οι11111,111111411141 11. ’
11116161111711111 1111111111,111116’11·111

11.111111111111 1111111ῑῦ11·,117116. 11111111111111111 9. ῃ

11111111161111111 1111111111,71111. 611111111171141 117111,161ι1“1111111161

11116111141111 11111111,11111. 1161191 9,ι4114711117ο11.

41171411111111111 ω,1111616411111971 11111111,1111161141 1111ῐά1111,4111114111’1

1111616111167111, 11· 11111111111411171, 411171461111111

11161111691111 111111,17111. 111141111111117. 116111111111111

7111117611,617915111111111,111111. Εοο1116114. 164111117711111911

1,14,11111111161 ωίω,4111,171711111 1117111,11711111111 41191111111191

16191111191111911 14111911661111111 11111114. 216 :19 1 1111111

11919411111111 911111111111114111111117111149111 111114,

1111116,ι1111ο1 19911111111111191 61111,- 11111171111111111

11111111.11,141 111111111111114,1οιιιι11,11116111111 11111111461111

11111711111141 7,11,171“11ο1ιι. 1111141111111111 11711111111611111

1141141116111,111 11111111,9,11Ι 111111111111191 141111111,14. 7

14111114111911411 .11111,1111111141 11141119,1114111171111111μο1111.

711461111111171 114111,1ο. 11,ι1,1114411·,111 1111111111,6111.- ”

141111111411111111 1111111111,19117.
111116111171191 eminentibus, 119111.
11114119111111111 1111111111,11111.1111111
111111111111114. 1,1111411111461
11.
11111111.111111.
1111111111119.
111111111111411.
emissis, 146111.
1111111,111117111.
emptorem, 111 11.
emptot, 1111 ιο.

19.

,111;4,6,14.111 1111111111111111114. 4617141141141111 11111111111111611141-

1111111111 1111111. d

 

