INDEX VOCABULORUM OMNIUM

1111111111141116111714. 16,1111411111111 1111111111111111111
qmbmnu⁴ 1711111171111111 11,1111111111,141 111111.
qnando, 16111. 1111111 1141 141 11411111111111611 1111111111,4611611111Ἰ
111111ιί,11111 11711111111141 1,4,1,11116111, 1111111167111
1111111111111111111 11111111111111441
611116711711111 4111411111611171
1611111111111111 17411111171161
14711111111111 111111111717,141
11411. 19111111411711111
1111111111111111. 1711161161111171
1111111111,1111141 11111711161111
quaererettmy: 3· 11114111111111111
111111,111114111ς111. 1111.
11111111,16711· 111111111111171121
1111111,1111111111. 111,11,1116111,
1111111111,11116. “ 111711,111111,1,
1111111111,111111. 1.11,11,11,11,111
1111111111,111116. 117,111111111141
¹ 1]1111“111,111111177111 11,161111711111,
> 11111. 11,1111111,111111
1111111111ω71111. 6.7,1Ι11111Ι111
111111111117111. 4111111114111111
1111611111μ6111111111 11161 111111 111
⁶ 1111141111,16,
111411161411141
11114.1414111,111
41141141461111111

m

17,16111711111111

1411611111161111 111111.
164114116611,111 1111111111,111117.
1171141 1111711111, (1111111111,111 171 411
11117111,1111771 14111714. ·
1111111711111711 (1111111111, 71711111
1,17,11111111,111 411111111111171
11111,111111161 1111111111111111
1161111111111111 1141111611111761
1611111111117111, 711771111111141 .
11119111411111141 111111111111411111
11111111111111111141 11111.
1,111116111111111, 111111111111,116111.
11111111,111111 1111111111,11.·11.
4,1,11»11111111, 1111111111111111.
417191111111111 (111111,46111,141411
111111,11,1111141 11111161111111
1111111,1111111 16111116111111171
111, 1111171111 11111111,1111111
11111,17111111,111 11111111.
11111,111111111 11111111,11111.
114111111111,111 1]111111,14611.
1161141111111111, 1111111111,1116117111
11111111,11,111 111411111111111

111111111141111. 111111

1111111111171171
1,1Ις11416111,6,
1116111,111611111
641416111,11,141

11111111, 111 1 11.
1111111111111661111
111111111111.
1111111111, 17111111111.
quzffi0‚92: 14.
questionum: 11.

1111111111,17111111 111111111111111

11117111, 11114,

1111111171117111ζ

16,17,16111117, 11111,611171111111
11111111111111141 6111111111111111

161 21.

661416711,111611 (111111111111116.
1616117,11,111 1111111111111,11111411 1711611411111161
71111,141711111 1111111611141111 11111116111111711

114111111111.

171111111141141
,116411176111141

111171111111111.

11. 711117111171111 quampnmummzxs. quascunque,⁶1:21.

qmstionibuz, 111 1.
11111111,1117 111191
1111411411161

11,1111114,11,111
111111111116111,
11111111111, 171
111117,1111ο114,
2 11191111,111161

79111»11,111111111111111111,1117171111111,911,1,111111

11171117117111111 1111116111111111

1111111111141111
11194111116111171
1111111111711171
11111111111111111

11146111161111
71111177111111
14111161141111
191111141111111

1111111111111111,
111111111111119»
111111114114116,
16111411111111161
16111111611111
16111711611111611
7111111111711111 “
17111117611111711
111911171111111
11111111111111111
14111111111111
1111161611111111 ’
1111111.

quatum, 11111.

quatuor, 1111 1111171

- 111111111141191
14617111111.

1111111111111,
11,,1119416116111
1711111111111111 111111116111111641
1,111111111.1, 111791111111111
1111111611111141 1911112
11616,11111114. 1111111116111.
11111111,1,111 1111111111,1111711,111
111111,111111114, 111141611111111
1111111ς,1111141· 111111.
11,1611111111161 11111111411411111
11111111111114, 1711671111171111
11111111111111111 11117.
1711711111141111 11111111,11111111111
11611611171111161 111111.
qumana. 11111,11»ι111111 quantinus·
qmfieumque‚‚2xo=12. 11111111111116, quamnam.
11111111,111111111111 1111111711111111 11111111111111.
111111. 11411,141111171 ς111111111111,616. quemnem-
11111191111111111 11611411171111711111111111,11111. 11111,11111111111·
1· 1117111111111111 111ῑ1411111411411 1111111111,ῇ111. « 11111111,11111111111
1111111141111111 11111111,14111111111111171111. , 111111111111111
11111111111111171, 4,11,17,11114411, 1111111111111111 1119111111111111
14111111111111111 4,11114111,11,141 meu· 1.1111111111τ11
1111411111611111. manzanum. quntimunmws. 171111111111111

‚ , 11111111111111111

· 11111111,11111141;1. 11114111111471111
1111111111,11114111,171
qutzzliulisswtzo.

(1111211111111111111111

mmmmm

quzstumwn.

111111161161111119.

1111111,111,·11.

111111111111111411111
1

111111,6111.

 

