‘ e

Qnffirrr 1111111116111111111111.

1,7111411.111 ¹⁶0:
, 111611611611611641
11116611611671191
1761111111111161
unumunurn!
111111111141196ῑ
171111111116116»
1111611611141111
166111116111111161
1111111111111161
111111,11111611,
11111111611111101
11616,1111111111
1”111δ1,1611111117111. 2312712322'2112332
, 16111111,117111. rmo-
[crffientermnorzss. seffllionwti·
scriberemrflnzrrrr: seeessronmw·
1019611111661111 feoessronem,89:2} 1111
111116111ςὲἱι ¹¹·
scriberentur, 111 11. 11111111111,1711 11.
scribitur, 1414. [111111111611611711.
1111111,1111. 1111111.11114. ’
scribundofln 114. secreti), 641 1.
1111111111,16114. 1111111.111161711111
1111111111,116111. 1611 Ι 1141111 1171111
111111111,1114. 11111111117111111,
1111111,1161111111111. 11.
11111111,11411. 1111111111,711171117111
1ῗ1111111η11 1. 1741 11.
1111111111 , 11 16. 1111111111,1111111161116.
(1111111111114111111. 11111111,16111111111661
1111111111,11111171111 11111111.
³524· secund 'ue{r96:16.'
(1111111111611 1.
11111111,67111. 111116111111611161’
1111111111111146111. 161111116.
scutorum, 1111 25. . 11111116,171111711111761
1111111111,16111. 141 16611.
3171111111161111. 1111111111,11111,11.
Scythia, 1661 11. 1111111111,61111 1161111
41,111161117141111 111114116116,7,111
1611111111111111 11611116711.
1111,11,11111111 1111111,161116.
11τ1,11111111111111111711111111111161
11111111,111161111 16111111111411111
1711,11,1111114, 1161161171111161111
14141111146111111 111111·
411411119111611411111τί,11161116116,
6117,11166111671 20.
111611161711111711 1111111111,1161 16.
171771117111111611111111111161164114.
111111161111111161,1;411111116,111
. 1111191110111111 4.11114,1116ει11
1411661111631111 714,7,11,161114,
166116116711711611 111116,16,11,171
171111111111611, 1117,1111111,11111
1111111411111111
111111111711911111
61111111111111111,
191114τ7111611,141 1111»6,1,161111161
11114111111411111 1116,1611617,11171
111111111141111161 4»1611111.111111,
²‚63910721511402 1011111711111,111
111141111114411,
1111411111116111,
11111111,1,1111111

Scipionis, 1111 111616.
11111,161111171111.
11111111,111111.
sciret , 171 11.

scis, 1411 1.
1111111111166117.
scite, 1111 11.

scitis, 1111.

sciunt, 41 ·1 11.
scorpione, 117111·
[1611111111111111.
scortis ,7116.
116116,11117.

711411,14111161161
1,11,1611711»71111
1411611111,11,111

11111114116,11,111
3711411111111111.
11,1114117,161411

11111111,111191 141111 ·

mvn

1,1,14.1714114,11, 11,14,1111111111141
11,1114111,ι1,111 rar-‚zu
441114111,11,111 111111,11114·
4611114714,111411111111,1111161111.
111111111411. 11. sedaverit, 224:2r.
1111οει,10.111111 sederr,22r:rr.
1,1,ι1111111141111 sedenti, 17116.
611111111171616οῐ 1111111,111116.
111611111613117181 111111,7611116611111611
61101041ωγ1161’1111164111
mmmm!redibunrrrlrrzrz.
611 6161111711111 1111116,1711716111111111
73220175²³v¹2¹5¹ 11111111.,·
7611116177171111 seditione, 174111.
Ἁῐδῡὲῑνῐὺῐθίῧῐέ [111111111116411611111
“lanuuium 21.
14111.1111114,1111111116611μς11111111
1611411711111111 7, .
ς,16116114111171 1111116111111,1611111111
1116,16114161111 14111164111161191
1-1116111971101171 167111. 1
1619911111002411161111161111116.

. 1611 ι’, 111111 16111β11110111ω,.11111.

1111011111101111111111111ησι117.
1⁰⁴=⁶v²³l¹⁰⁸21³21segrrior,90=16l169270‘
11116111111161111 sesnandum. ·
11111,11,1611111 1111111,ωῶ ¹4·
11,16111111111111111111111,111116.
21118210!¹2¹=³lssenrnr4=m
mmmm!¹²4z'se1hm,rrrr;. ¹
92²7 Ι ¹25²²²l ¹²⁶² [emel‚19023·

111 11711711111111 semet, 141161 1161111
11111111111111111 112219112422512152 .
111111,16,1111111 5·
murmurum.semetipsuwu· ι
10,111116111,111 semetipsmrrrr·
117111111111,161 [1111111111111ηο1111.
11111114611,11111111ω11,161111.
141111111141111111 semisomnos, ⁸0³4·
14³=¹⁸l¹44=3‚ 17, semper,3=4!5=¹9!⁹²¹⁴l
1611411111146141 ,7;1111117111111
14111,1611411411161 27zrrlroz7ls4²¹⁸
17111111111111141 4111111116167111
11111111141111161 76141111171114111
1111116,111661111 1161111111111168ῑ
11111.111164111 1111111111141111
161’16116614,1611611 11611111111161111ῑ
111711111741111711 ι,11.

,¹⁰²²¹l¹7⁶²⁶l¹7⁹= 11111111111,7161111111

1111111111111111 2192!-
111111111611111161 sempronia,2r 11.
1611111111011001 ε111111161111,14.1.
16111111,11116111Ι Semproniam23328· ⁴
209251210:s‚9‚1³!serr2ti‚ feneramur!
²¹¹2³l²¹2²¹³⁸l²¹3² 1111411111171411111
1111411111111,61 11.·
11616,1,14,1611171 1111161111114111111
1.11,11111111,1, 11711111711111111Ι
6,11,11111611,111 6.
11111,1,6,141111111111111111114116.
1,11111111111141 1111111111,11111 1111171·
11,11,14111119,11111111,1711.
1611111111111111 11111611111,161111171
111116,11,11,111 16.
116114.11,171101 111116111,ι4171114111
1111414111114111· 141111.

 

