01111111 1111111110 rreum-sun. 'xxxi

1111111111. 19114. 11144161461111111 111111011111.17911. 11111111,11111111111’1
111111111111111.11116. 6111141901111111 11111,111114. . 111111161191111
1111111111,1111111111 7117111111971141 111111,111114. 4,1111114191111
²l: 111116,17111414. 1111111,100116. 11011111141111111
1111111111111111111111 11111111.111111. 11111.11ι1111111ο. 611491111711111
1911117111111111 1111111,44110111111 11110,101111111111 19111111111,
11111111. 1411711611911171 7014171114111111111111,114;14. ’
11101111111,1111111111 11. 1911011011111611 111111,11111.17111Ι611
10. 1111,41111111116. 1111611111011171 11174111176111111
1101111111111,1111. 1111111.11111161161 10114. 1011411111110111.
1111111111.1111111141 111111111191461 ferroque,95=19· 1111111111.161111111111.
11111111. ι911111111117,111111111,17614. 1111,ι91191111111.
111111ίί1111.11111. 11110114. 1111,1111110111.16Ι 111111,171110.
familiaribus, 111 1 11. 1111111111,4ς11116911. 111111111111111111 fidissumos, 14719.
1101111111,611114171 11111111,4011411717. 11. 1 11111111.1111.

’ 116116. · 11111111,10111. 1111111111111111. 11110,91111.
1111111111111111111.14414. 1111111, 611 61 70111 11111111, 75: 11· fidosque, 11171161141
familiaritates, 1111. 117111111111111111. fertilitatem, 171114. 1714.
familiariter, 111111. 11111111,41141 1971 ιο. 1111111,111 171 116141 111111111,1011 17.
1111111111111.141111411 11111.4411114117.141 11116. 11111111, 1711 111 1111

, 1. 70111171191111141 11111111.11711. 71176114. “
1111011111.7411. 171111111111911 11111111,411101171111 111111111111111161117.

11111011.10111. 911161 m, 111 174111111111. 11111111,1111161114Ι
11111,4111Ι111114. 11719. 1110111111,111. 111111.
1111111111,11716. . 111111111,161111. 1111,106110111117. 111111,111111111111. .
11110,1111 1. 11111101 , 14117. 1111,101114Ιι1117. 11111.11116.
1110111111,11116119110. t'elicill'umo,142:5. , 111111,,111114. 11111111,11161117ῑ181
salaminus. · feliciter‚109:rs· 11110.11017. 111171119111.
1111111111 111. 11111,114114. 111101, 11917. 11111,14114111114Ι
11111110,1111ι1. 1111111101,11111. 1111111.11ι1411771141 1091111 111 1 22!
1111111111.11111. 1111111011111,16111. 101111. 111111, 111 ¹55² 1·
111101,177111. 1’1110111.111111. festina, 14111. ” inluminamini
faterentur, 97: 9. , 1111,111111. 11111ι11111,11114. 11111111110119ῖ
fatigabat, 17411. 1111,1111. festinando, 34: 1. 17140116141141411
fatigando, 59 1 9· 1111111.114111. festinans, 10110110716. 11411114411 1 111
’ 1111111111,1016. 1111111110,111111117ς1 1111111111111.19617. 11111111161141
fatiganttmnzm. , 11. 11111111116111111111 10611011101611111
11111111,7111111011. 11111,61111.· 141611611111011 1411141111111161
11113111,1116111011. 11111,11110. 11111711111111111 14111111411111
1111311111111. 1111,11111.1171111 1141111101111· 1111 1111111161
11111111,111141114.·111 1111116111111111 1111111111.11611111111. 1111 1111111111

140111. 11. 1 11111111,101111. 1141111111111141
fatigatumtteal. ferebaturilltt· 11111011,111141111110. 11. .
1111111111,6611111141 11111111111114111. 1111111110,176111. 111110,1411.

11. 1111111111, 17111. festinatque, 1111 4. figura, 107 1 1.
1111,111114. 111111101111111111. 1111111111,116117. {furamstozrm
11111111,17111111110. 1111111,7111111711. 11111111,11111 11,1171111ι99111

1101111111,41111119111. 111111,7114111111611 1111111,11111. 116111.
11111111,14111117111. 11111111. 1111,4711. 1111111111,1111.
telamanio. 111111,114111. 11111,41111911016611. 11111111,11116.
11111,111111. 1111110111,ιο611. 1111,10111111111161 1111,1411114111.
favianen- 1111111.1011171111117Ι 171611111741111 111111.64117.11.
1110111111,111111.ι 111117. 1111111111111161 filio, 11111116111
11101111116119111119. ferocem, 101111. 1111111111,111 10117. .
1111101,14111. 1110111,46111Ιι41171 117110114611111111 1111011111ιςιιομ11110.
111110111171111. 144110110716. 1111411111011141 11111101.4111161141141
1111011111,11114. 111011.11111. 1111111111114. 61171111111917.
1111011111,1161ι1. 1110111,111111. 11111111,11014. 111104111111111. 1
,februar 1611. ferociamque, 11117. 111111,191711·11111111 filius, 1111161111
11111101.11114166;11 1110111,1011. 11101111111111 11111111611111461
11111. 1110111111ιί, 1011 1. 111111. 111110111111111,
1101111,111111101171 11101111,10111111011. 11111111.1111. 111111111.
11111161 1111141 11101,111111111Ι141 1111111111,11117. 1111111111,114111.
111116111112711. 11166110161141711 fidelissimus. 11111,116114.
111111.111417ΗΙΗ 11111111111119111111111111,116119. ’11111111,411111441111
11101111414011. 11111. meritamente. · 611111641111611

 

