· 1111ἒ11, 7111.

111.. 11111111 1011111011111 0111111111

1111111411111111
411611111161171
17111117111911161
171117111111161
· 1111711114161111 117111111111111
61111116’11,11 1111111111111,11.
111111111111711 Ε111111111111,11111.
1111111711611161 1111111]111,14114111111
1,11111114,171 911111141111111
111111111111111 16111117.
11711411111 111 1111111,1111111141117.
111111,1111111171 tufld⁰‚6³=10·
1161111117111149.Ι 1111111111,161111.
111111911111111111111,11417111114.
11111111611111711 11111111,11111111111
4117111111911161 17.
111111111616,111 1111111111,111111.
111111111111111161 111111,14114.
4,9111111111191 11οα1ο1,11111.
141117111111111. evolvamus: 24.
1111111111,117111,16. Euphratem ‚ 1111 111
Etruria, 1611 11. 1141 16.
Ε1111111,11119111114. Ε111111111,116111.
Ειιή,17117.

11111111,11171 114111.
1111111,1111111111111
11111111111111111
711116. 1111141

1111111111,11116.
Etruriam, 114111. Rumpi, 7111.
evadendum, 11111. 1111111111,71 ι 1.
1111111,11611111111 11,41111117,11,161
1111911,111ο,·11
1111,1111111141
11,111111111111
1111111111,116111. 11,11111141111111
11111111111,1111111411 1614117111,171
11. 11141111111111,
11111111,11111111111 1.11,17111111141
11111. 1,1,11,11,171111
11111111,11111. 1116111,11,111171
11111111411191111111. 1,1,11,17,111111
11111111,111111111111. 1,1111114,1,111
411111441114611,
11111111,11111111141 11,11111111,17,
111114111. 11,11111114,16,
11111111,11711111111 11111161111111
27· ι 1411111111111111
1111111111μ1417. 611111,11111111
1111111,4111161171
111111111117111111.
1111111111,1161 1.
11111111,111116.
1111111111,1111.
eventum, 1141 27·
1111111111,11111111111
116116.

·, eversam, 11111·
1111111111,11111911111

11111116.
evadunt, 11711.

eveniebat 1111 14.

11111111161111191

¹3· 1111119,1111111. 1111111111,1111.
11,17,1111111,1,11131111ὼ,111117.
1111411,1’1Ι9116, 11111111111191111111.
111961111711, 7, 111311111111111.
16,11, 111111141 euagitatamnuzx.
ιοο11,11111114, exagitati, 16119·
1.6111111,17,111 1111111111111,4111.
10111411141111111 11111611.17617.
11111719,111111; tandiuque, 176111.
11,11111114.1,111 1111111.41111111111.
111111,141111111, exoess'etuumzu.
uoeffwmms. . 1111111αὲ,11111161111

1111111111, 111111.
nquit, 11111.

„ 111111,16;71111171111
11117111,111111
11,11111;71441111
1111. 11111161111
1116111ΰὶ was,
1116411,161611111
7411111111111141
111117141111141

tumulum! 17111111111111.

12'114399112 η». (ΜῊΞΟῌῚ.
1111111 141111111, :exciduutqun 111111.
11,11Ι 11111,91111111111,111111.
11111,11.1111111 11111111,11114.
11111117,11,111 1111111111,111111.
muhamas! 1111111111,111111.
111111111819111, 111 ,17111
11111111,711111 111111.11111.
17,11111111, 11, 1111111111,111111.
14,17111117,1,141 1111111111,1111.
111114,11,1111141 1111111111,1111.
161111111116111 excit-‘erenum

1171 111 1111 111 111111111,116111.
14111,1,11,11,141 exciti, 14111.
14111111711411111 excitus, 1111 1. ·
14414,9,1111411 1111111111,141111.
11114111114111.111111ά1111111, 111141
111111111111111 111117.
11114,11,141111τ 11111111111,7111.
111114111,1111111 excubitum, 141111.
14,1911161711191 1111111111,41111.
7111111 111 16111, 1111111111,111111.
4116411611611111 1111111111,16116.
16111111714, 171 1111111111.41117.
161111117111,141 111111111111,111111111
17111ὶ,11,11,11, 41411111161111
11117411111711111 111117111111911101
17611111771111 11,

1711111 1791111 11111111111,14111.
11111,1111111111 1111111111.111111111Ι
11611111171111111 11111111116.
11111111111111141 111111111.11111;111
11111111111111 16111. '
111111,11111411111111111111,11111.
11111,1, 11, 111 1111111111,11111.
111114111111111111 11111111.411111111161
11111616,11,14, 11911. .
111117171111116, 1111111111,117111.
1711111111111111, 1111111,114111.
17111111,1,111111 1111111111,111111.

91 1141 141 111111 11111111,11111.’
11611, 111 11714, exercitabat. 11111,

7 2 11 111114, 111 11111111111,11111.
111111.111111114. 1111111111,11111.

611 111 611 M» 111 exacerbationem : 9. exercitatos, 19114.
111 11,111641141 111611,611141111111. 11111111111,16111.
611616611,111671 111ἂ111,11111.
1,1116116,9,111 11εᾶ11,111114.
611117117,9,171 exzdifiuumom.
7116,71711111711 1111111ηά1,411.
1,11171111Ι7611, 1111111111.11111.
117111117119,11Ι 1111111111ω41111.
111111111114111, 1111111111ηιε111111

1111111111,11111.
11111ὶεὶ1, 111 11.
11111111,11114.
11111111,111111161111
111616111111111
1117 46111141161
4111111111,111141. Ι
1,111111111611111
711111111161141
11116111111111
1111111111111
1141111119111
111111111111,111
11114111111711111
1111111111141111
1411171164111111 1

141114117.

1117114117711111711
41111111119111,
11111116111111.

 

