111111

11111111 991111191111 9111111111

’111119111111111111 1911111411111111 11411111611111171 mammen!

9137215146220U57: 24123322· ’
⁸ 116111617911179111111ἒ11,11114117911.

111141 1119111111
1911111991111111
11111411911191191
11111411111111111
1111717111911111641
11117711911911111
19111111141111161
1111111411191191
11119111111,1411111
¹4
quippiam, 111116.
’111 11911111111111111
1171111111τ1111111
ηρίῐίῑες16111111111991
11111911911191119,
1111111111111111
1111191114111,141
119119116911911611

quaerunt, 1111 19·’
9111111111111111. ·
91111111411 17.
91911111114191111111
19111161191141111
11111116111111111
71111161611111611
91611111711161111
17119116,171111111
1191111161611191111
147111114116,191
14911111161111191
7116411111661111671
1117911911111111161
14111111711991191
19111111111111191
1111111111161111

11111111111411
111141116114111111
141119114111611111
171111111111411,
6,11111111161111
16116116111111661
1111111191111ττι

164111116111111111
7111416119711111111
6,11-11111 17,111
11111111711111191
71111111-11111111
1111161119111.Δ

1111ὸ11111111,71 111.

11111111111111611111911111,11161191191

19111111111971111

.111111111,1611111 1614111111411171

4111411,191111116.

1941111 1961 11 , 191 quoquam. 1111161 1641
1991111191911111 4.

11111111,1711161 9191191111111111111
191117111,1111191 1111114;τ111611111,

11111111111111191
1161911171111111
119111111911,191
11116111111111111
11226.

11111911111111111111111111,1116141111161

1111.

11171911111111,

11161114117911911111 (11111. 19: 19116171171 19,14111114,111161
4111111,71111111 161191191111141111 1,7119191111191111

1961111197111191.
um·
φ111,1111111171111
111491111411171411
7,11.ι1114111191
1116911111911711111
11116111111111961
1111911191111111,
14111111111911111
11111411.
91111111116114179111
76111111171141111
111111111911111171
9,14,11111411411691
1711711111911611961
11119111111911141
1191141 1111116.
4111191111,1911149111
41116149171111161
111“1916711171111-1
- 19111411911111111
1111411111611161
16111111111911191
Ι11111111911141111
11614111911611111

6.
,11111111.41417141111
111,9114171191171
111111141191411191
4711119119111111,
11 76171111161111
11 9114.111191111
11111,1,1611111161
11111111111911111
16111111911111111
1111911911411111
11021111191611611
1116611911711111

111111,111141111
1711111111119171

16119111191111111
11111111111111191

6117,191691161191
17111111111111111
14191111117111911
111961111191111161
1111111111111111
11111111491611141
111141111111911,
17116111’,1411661
111661411961141
11111111111111111
11711111111111111·

4116141119141141 16119111111119119, 6,1111611111417.
411111191111114,191 1414111111111141(1119111111,111»19.

111111111111611111 1,911711111111611 1991.111111111,111·111
4161111691111711 1111611111111911111 ,

671191791111711111

19111111111191111
’ 111111611611,191

91111941191911171
196111119716,111
1911111199119,141
11111411111111111
1111911111191111

116119114911611471 ⁴

61 149111111111,19Ι
1691111111111911
11111911,1111171

1111111111111114,“
16111116.7111111.·

(1119111,911141111111.
quotmnque‚148: 141114;
’1,61111111.
19919191111 1 1 1911
11111111.
1111911,6111191111111

111791111191111111

911141961111991191
197114119111111111
16111611,14,1611171·
1,111111111111191
117111,1611111.1,

111111111117111Ι

11111.16,14114οτ
1111411171141111
141111114411911411
1111461111117111,

11111911711111141,

1911411971111,191
111117111611711111
11111111,1611191

1,11.,14,111916,191 ·
. 1911611911411911

111171114116.

111111191191191111 .]119119111111111,1171911161

1111111,19117111“

1,.

1116111111,1611116; 1119199119,616.
141141 1911149111. 1]99111111,171.71146111 qudcumque, 11111..
11,1611111,17141. 11111111111191114191

11149119119111111

9991111111111111916141

1161111164161611 111141111141171141

7166111167111691
1117911717114171;
111911111111191
1111117111111111
11111111119117111
11117111711111111
94211111111199.111

19119146111411191

11111116111149111

, 1119,1ο111114161;

616111116911,111
7111917111,11711.
111711191191191·
1417111111191141-
911141911111961·
111991711911161
1941111 1961111 1141
1911171411191161
111111111111911161
1111191411411171
146111,11»1111411
11111111111,1911111
16116911411641111
167111117111611711,
1111191111199111

1
ι

11119111111191161

, 11411111111111111
’ 1«1111ο11111111-.

1111919111,,141 1 19.

quotidiano,12: 1117111.
1119111111ω1111 117117..
quotiens, 17711 1 1791.

111611114161111 11.

6916,1917111ῖ17·3Ζ

9119111671 1 191 1 1111,

111111’,111111111 199141119111.
111141191191111111 11111111116111111171111
911191971111913141 1111111111191191.

111111111111111111

11617119111111911 1911111 1111111191. 9111111111111.161
61198111111914, 1111918111911111. 11419111911111413
1111111111111111 1111111161116191 1111441611411111191
111116111111,6,71 1911111111111111 adiuuem. .

114114111914,19,

ff·

R.»
1111,16111111111’.
abiem, 161 117..

adar,

 

