111111 INDEX VOCABULORUM oMNmM

11111171111117.111111.1ο161411111111 111117111111111111 111711111111111
1111310111,144111. 111 161111147111 411661111111141 71119179114,17,
· 111111111146111. 11611117611111171 11911111111141141 141111111711119;

1111111111,111111111 1111111111111111. 11111. 7111111111111101,

4911916119,111 11111111111111111111111 1111111111,111111. 161111111,1111111

7111111ο111111111 1111141111. 11.1111111,161117., 14114111911411171
1111111111116117. 1111111111,1111111111 11111111,1111119ο1171 14411114111111111
11111111,4111114917, 11111. 111111111111. 1911971111111111.
1111111111144111. 1111111111111101111117. Μ11111111111411. 1111111111,1111116111114.

11111111.1111. maledicamus· Μ111111ω,11111. , 11111111,111111111111

11111111111111711111111. 11111111ξοί11111111. Μ11111111111,117111. 14191711111911111
1111111616911111911. 11111111111,114τ11· Μ1111111111,97111. 111111111611111411
1111οι,1119144111461 11111111ἰᾶ1,1111111111 Μ11111111119111. 1111111141161161

1111111111111111 24. 1111111111,1ο1117. 1611911ο111111111

111114. 11111111ἰᾶ1111911111111 Μ111111111111,6111. 1111171141111111

ω1101111111ο1116116. 1111116111. Μ111111111111,111411161 117114.

11111011,4111711161141 malefaciendi‚202=20. 11. 1111111111,111111.
1111111111711711 1111111111ηά0,111111. 111111111111111μ111116. 1111111111,711111111111.
111 1161111161 111 11111111ςὶ1υά11111111711. 1111111110,11111. mapalibus, 11111111.

11114. 1111111111, 71111. 111111111ηά11111,1111 11. 111111110111111.
Ι1111011111,116111111117. 11111111111,4411ο. 1111111111,11111. 1111111111,111411911
11111111,1ο;141161111 1111111111.1111119. 1111111111,.11111171111 11.

1111114117,111111111,7111111111411 111111111111491Μ111111111111111719.

411191411111471 1111111111 71171 1,11111711. Μ1111111111.11111.7.

17111111111111 11114111111. 1111111111,1111. 111111711111111111

191119911111111111111111111,91116. 1111111111,111116. 77111111111111

mamalum! maliquemszzz. nundem,202:11. 11111111171111111

1111711111111971 1111111,11111.411ο191161 1111ηά1111,197111. 6111611411111141,

11111111411111141 1111111611111111111111111,167111. mmo.

119119. 111411141411161 11111111,11111. 11111111191411111711
1111101έι11111111111. 711117111191114111111111111,11114.’ 1171111111111111
1111011111,6111141191 1ο1111171111111111111111111111,141111. 1111711111111111

11111ο171117191 111111191119111111111111,71141111111 ¹7⁹²³l¹90²⁸²¹0·

111111111111111791 1111141111117. 111111. 111111111141111111111
1111111111911171 1111111,611111191111. 1111111111,7116. 1111711161191171

11111111111111 malisqumuzn· manibus, 1711111111 114111111417.

11117. 111111,11117191114. 1119111117111111111111161111111111
1111011111,111191111111111111111111111111 11111111111711111 mmmmm-¹⁸1

111111111111411 11. 1114111. 1411111141-’.911611
1111111161171111 111111111.1ο;111. manifesta,92:5. 11111711.
111911111191191 1111111111,111111. 11111111111,41111. 1111101111111111116
1191111 1141 111 111111101111111,41111ο11. 11111111101,11111. 1141 141 117117
11916111111111111111111.1111161ι1116. 1111111111111119· ¹²2²5112⁸³¹02¹⁸l
411911113111411 11111111,147111. 111111111111,141111. 11911111411111411
221111171111161 11111111,11111111111. 11111111011141111 1011 11147111141111 1
11111111911411111 Μ1111111,1111ο. 6. 1101111114ί1111071.
141111111111417. muham. 11111111,141116. 19.

11111117111111111 1111Ιί11111,111111111111 11111110,11111111471 111111111111111711

19141 111111111111 111911119119111, 141111111. 27·
141116191111111 11111117. 11111111111111411111171111ῐί1171111174191

11917. 111111111111111 11141 111147111. 116111.
majusque‚⁶0:5. 1111111117. 11111111114711711411 1111ιωί17111.
111111,1141611111111 1111111,11111.11111111 11. marquimumnmy.

11114,1111114141; 14141171991111 1111ηὴ11111,111111. 11221311111121197215·
111,111711 141911 111111114111111111 1111111111,11117. mmmmwss·

1419711111141111 6111111111411, 1111111111,11117. 1111111111111111111.

11111611111411411 11111111. ’ 1111111111ηῶ1,171 111 1111111111111141110·

111111111166191 111111,41117. 49111. 1111111111101116111111

11111111911111971111111111191111111, mansuetudinem.45:17. 1411112261116271

1111411711111111. 1111101,1111 1ο111 11111111υά0,4111. ¹¹7=14i12²=42 141
m122196215. 411414611,161111 mnnsuxum,151:10. 111111111111114111
111111111,116111. 11111611171166111.1111111110,11111. ’ 1114111111461111
1111111111,1,111. 11111ο1111,111111. 1111111,11111111111 14111411111111111
1111111111,4111111111 11111111111,,111114. 111111114114111, 111111.

97111, 11111111,11’7111111111. 111161111411171 11111111,14111111111111
ἰ1111111111111114ῑ1. 1111111111,111111111’11 411111611111111 11111111111111,111

²²53

 

