111111111111111111111111111. ἰιι ³

1111111111111. 1111111.111.114111 , 1111111111111111 11111111,1111·
ο11ἰάιι11,1111, 11 111 11111111,111116. 13111111411111111 1111111111,141141161
1018529194215! optaveranmm· 1{!229=25· 1111111111111111
1ο1111111111,111 ο11111111ῃ16111. 1111111111,111111111 1462191213210.
1111111111111111 1111111,114111. 41111111111111 ostenduemostx·
1111111111141161 11111111111111111. 86: 111 1111111 ostendimumwm.
111111111111111111 11111111,111111. ⁸ 111111 111111111111111111
11,16111111,111 1111111111119· 0111101131174111· · 11111111111111111
111161141111 147: 1111111111,147116111111. 011101, mm. ¹9·
611611161111161 optionem‚126:17· 11111111,11114. ostemuns, 14623·
17113, 179131 193⁴: optuma, 13324' 2102 Orbem» ⁸24'2252150 ostentlhantstssstsso
1111111. 1111111 1. orbes, 14421· 1111111111111111111111.
0111111,111111. ‘ 1111111ὲ111116111411·1111,111·18.111111. ostentando‚6³=4!1171
1111111111,1411111111 1411101177111· ,01)111711711911111 1111116113·
1111,111141111 11111111,161111. 1111111111111. 111111111111611111
3921 '1062211 14111. optumis, 111111 1611 Orchomenum, 1111 23· 11.
1111111111,111111. 1111114. 111111,1411111ο111 111111111111111111111
11111111111,111111 11111111,11111111111 4111146141111111111111111111141
147221· 1411111111. 11146111116111 111111111.
1111111111111111111. optumos, 111 11 1111 1111 11 1 1111 111 1111111111111,11411.
1111111111,11111. , 111111111111111· 114116. 111111111111111.
oppozmniffumae‚ 11611. optumum,3=4125:17! 111111111111111. ostentationem,175:5. ·
11111111111111111μ1111. 11111111111111111 1111111111111111611, 1111111111611111141
opportunitas, 11111. 11111. ι 11,111111111111141 11111,111111.
11111111111111141161 optumus ,1191 1111 111111. 0111111,111111.
114111. 11111111. . 11111111111111111411 οτίί,111116. “
1111111111ἱ11111,141 111 11111111,1111ιο. 111111111. otio, 11111141111
111111. · 1111111111,11111. 11111111,14111111111 6116161111111111
1111111111,111111. opulenti, 111111 111111. 111111 1141111411 111111141111 1111
opportunos, 1111 111 111111111,4111111111 111161111114111. 11. ·1
11111· 11. , 1111111111,1111111111 11111111,111111161111
1111111111111111111 1111111111611111111 14, ⁴ 111111191111111
11. 1111111111. 111,1411111111111 111111111411141
11111111111111111111ο111111111111,4611111111 111111111111. ‚ 111111111111111 ,
111111111114111. 61111111111111. 0111ὶί111,1111111111. 116161111141111111
11111111.411111111111 1111111111,661 11141 Orestillam, 1111. 111111.
11111. 1111111111· “ Orestis,173:27. .
oppress'etat , 111 111. 1111111111,41111. 1111111111,111 1 11. P.
1111111611111111. 111111111111111111ᾳ1. οιῐ11111,1111.
1111111111111111. 111111111111111,1111111 111111111,11411. 1411,1,1111111,
’ 111111111116111111114. 111111. ’ . 1111111,111116. ,1111161111141
11111111,1111.111;1. , 11111111111111111111 111111111111111111111· 16111111111111
11111111ίῖ11, 191: 1· ω’· erimannus„ 11 111 111 4111,61
1111111ῑίῑὶ,111114 11111111111111111 originibumm. 11141111,161111
11111111111111111111. 111141111111141 0111111111. 1111111114114,
1111111ῑ1,1111111111. ·1611111114111111 11111111,111111611 11141111461111
οΡΡ191Το1111116. 1111111111111191 111111119. - 4119161171611111
0111111911,11ο11. 11111111111111111 11111,11111111111. 111111111411111,
2 oppr3m1‚⁶2:22, 2U¹⁸8=51232=5· 1111,11111111111111 11,16,14111111,111
1111ω1111,1111111641 111111111111111161 116111. 1111114111111111

11111111. 1111111111111111·1111111,111111111111. 11111114114111 , ’

111111111,111111. orabamus. 111111,1ο1111. . 11111111111111111
1111111111, 191111. 111,111114. - 1111111111,141111. 111111 1111111641
1111111111,111111. emmau 1 11. 111, 1111 1111141111 1116111111611141
oppugnandum, 11111. 1111111111111. ,111114111116 111111111611,1,Ι
11111111111111. 1111111111,111111. 1111,1111111111411 11111116,111141
111111111111,111111 11111111,111111. 111111111161111 11111111411111111

1111. j ommmlxoms! 111111. 1111111,11,1ι>,Ἰ
111111111111111111111. x 11111111111111111 mmmm. 14111111111141

1 1111111111,11111. 24· 11111,111111 111111 11101

0111151191 131116- 011191· 2111111.Ι 111111. pabula, 1711111
111111111111111. 111111,1111114111, 11111111,11111111111. 1111111101111. · ·
11111111,111111.1 · 11111114111114 11111,111411111111111111111114111
optandum. 11111111, 111 111 191 11111411111111111 111111,1111111111111
· ermq2166=91215226· 111111111 111111 14111116, 11111111116111111111
‘tustanum 111111111111111 omum 1111111,1111.

111·

 

