QJAE IN SALLUSTIO LEGUNTUR. mr.

’611416111416711, 111111111111414, 171111111,1111ο61 111111111114111,

1117111, 117111,
1111111ο111111111
11111111,16Ι111
41 1711111191141
111911 1411111141
1141611ο711 Ι 1141
11111617,111111.·
1111111161111111
111111116119111ο1
111111111111111
1111111411111461
1»1111411111111
111114111117111.
11,1ο1177-11111111
911111111111111111111
1111 1ο 111ο1111
1111111161111141
numanum:
14111119111411.
quemcumque, 611 5.
quemdam, 1ο1111 111
Ζ6111111111111
11111.
quemquam· 711 111
114116114111411111
1411611111741111
111116.
quemque, 114141111
1611111111611041
1111ο61111111171

11111111111111,

11916.
quem, 111111 111611ο.
quexebatur ‚ 141 11.
queremur, 1411.
,1111111,1111171111Ι
11711.
queritut, 1711.
(1111011161 1 11.
1111111111,1111141191
1114,

’ 11111111111111111111111. 1,11,16.11,1ο1 1ο1114.

9111111161111111
4.6.111916»119ο’
1111111,1,7Ι911
mummolum
41161719711161

1,1111ο111,111 11.

1191111111111141 111111111171161111111
7111611,1411171 11611111111611191
1,1111191111111 1111111 1611111116.

111111114. (1111111111 1 11 Ι 11111111

1111110111ο11ο111111111111,111,711111161 14119161641111111

1711661111ο1111
11111ο,141111191
1111111411111142
711111111191111
1111611111111111
19111417,1οΙι161
11116116,17111ιῐ
4,11111111611141
1114011,11Ι 1411
ιο,1οΙ14111911461
7,11114711,111
11614,1111111111
14111111ο11611111
16111,16,11,11,
141166191167111
1, ιο, 1οΙ 161171
174119,111176111
177111117111411711
1111ο111111111
1141111111111161
11116111111411111
4111711,1,411ο11
1111ο111111ο411,
17,11111111,11
1ο611111ο711,14»

’11,11,111 161161

111161111111111,
1111111111117161
111116111911,141
111111111111611111
161114116111611.

1117111111111141 111611ο,111191171
6111116161171141
111111191111111111
maslaum
161111117111111
14111116111411111
44111411111ο1111
1111,1,17Ι6111Ι611
11,1ο161111,191
64111671116111,
1111111.11111111
7611117111111161
9111111111111161
1111111111116111
11111111111161116τ quidnam233213110531=
5215i¹4⁰⁸¹7i14³= 1.
1114111611101111 quidquumszleioxisl
111117111111111611 11111111611111411
11116111116119,111 411171111111111111
16611111611111711 111111ισ,17.
1111711611711111 quidquid‚42:19l 171111
17611111111411161 1111111111116.
1112111181111911 «111111141111611111611
11,1111141111171 9.
61161111111111111 quiescebamus.
11611,11111111·1 quiescete,215:7. “
111111111416,11, quieffetis,1⁸2:6.
14‚1⁶i2¹5=7224!217= quietu‚xu:24!27:161702
14111111111111111 41111111.
1141611111111111111 1111111111111111164111
11411. 17119.

911111ο611111111
9111111411441111
1611111 161111161
16111116611111771
14111111111611,1οΙ
1111111116119111111
111 1191111611161
117117111111611111
11 Ι 217: 1,17,11 Ι 1111
1111191111111171
1111711191 11 Ι 1111
11»1οΙ11117,1711141
6122·

20 11171 1 1 111 1 6, 11111111111114911611161 ,111111111114711

1111111411111117,

, 1111161 14, 11, 1111111111,1111.

27· 1111111,111111111117.
quietibus , 1114.

11,11,11111111, (1111111111,1ο111191191 11111111,11ο111.

quieto . 161 111.

11111,1111111ο,14161 11116,1111116,111111111111111,111171111 qugetomom.

11111,11111,111 17Ι134111111, 1111. quietumnutz.
111411111111111 11. 1111111,1111Ιι1111111111 1111111111,111161711,111

1611111111116111 (11111411111417191

111111117117191 11611111171611711

1,11Ι111ιο,111161
1119111111141111
namnum!
1111116111 ³7=⁷v
111111711116,11,
11,1οΙ4ο11,6,111
41111,111411161
411117114411,6,
10,18f45:3‚101
1111111ο,141111
111111111611111
manaimus!
60 11161,11,11611
616111111161111
6611,1Ι67116,16,
211171711161711
manzulium,
usnulyyznlyu:
41711111111111111

1411111116111111
1711,1111111411
11, 141161411111
11111119114,161
6111,1111611171
6611,1ο174111761
11,141771111711
1111ο111111111
111161161411111
1111111161114111

11111111111111.

11111111111111161
161117111111111
1411 11114411111461
41111111119161
1611111111161111
16411111741111
111171111111 ,111
manuatim:

111611611,111191

2.

¹7i4¹=10142=³,¹4» quiuntzuuluumz

1114111114111111ε
1,711ο111611111 7111
1111111111111111
111111111161111
1111ο71711ο11161
111111111111111111
141116111141111
11411116611611611
111611111641171

6141111611111171
1111111111141111611
17116611611611141
16116119111111111
11111614111711611111
1111111141111111
114111111111111171
61111111.

(1111111111μι111.

166114116111,6Ι quinimuzz.
161141 176141 1711 111111111111111111111111
1117111611161111 11. Δ
11111111111611111 (111111111114111111411111

1711114171 1171111

11119111111.

111117111611111111 quinquennii,⁶6:15.
111111114111111, quinto,150:17.
1411111111111111111 ,111111111ω11171147171

 

