91119111 111191119119111111111. 91

1111111191, 96 111 19911 111911,191117. legationibus, 9714.
11. 111919,119.791911991 1971119911Λ417.
1911111, 99119. 911191111199116. 1991119199111, 191991
mmmm,lctaudum,72-:11. 14611411691191 19196119,141.991

.1111411,7,1,19119111ἰ,49191144119. 196111· 91111191141111

19171111111141191111,119119· 111919,119111. 191191191111111

1911119111111111919,17119,1. latenbus‚55:7!77=2! 14111911491161

94171991111961191 11111,791711911111191 19611119911111111 11916116117.

971161991111741 11191191. ¹²: legnto‚54:41135=⁸{

711411191111941 191119991199111. 19191111176219· 1110111.

911111111141116,1911111,9611196141 Ι.11111,161191191119. 1991191991411191711

19114711911491191 1111191147119. 11119111146117. 19199119119111

1991141 1699 161 1111111,1414. 1911911971111. 1191111 1491 14

11111 , 11197 11 1 1111111,4919.11. ι111911,“11191141119. 19411.

1111916111114,111 1911111111,97“1111971 191199996111. 1911199,16141 91114.

19111. 15. 1.111911111,99161199117. 1919411719911Ἱ
inbefaeatmm 111911199119. 1911911191191119171 9611916711716119
11119119991111114111. 111919111119. 141117. 741111791191191
191999111191991111971 111111,6111911191191 111191,17111’.” 1911911194171111

19111911114419. 194111117411. latitudinem‚75:1o. 191941191191119,
’141011111491 171191 1 111·1,17111ο. 1911111,1971111199119. 14119911411141111
‹ 11141114. 11111919,9919.” 11119116914. 11711111191191
19110191911111111111111911911191177119. · 1111991919,6111. 141114,1911641111

616919 1196 1 161 laminis, 199116. 1111911991,171119. 1671111 177114.

1141111 191 1 61 1999999,99119. 19119919191149111. 19391119119711411991

11911. 191199191111111η411ο. 11119991,11111194111 11119411111171191
²2b01⁸m27291702171 languere, 46117. 191114. 1911191 1941 111
v 1191911911719,111199911191ηο7116. 191199111914911119111. 199171169116. ·

161191119116. 1997111911,199117. 1111991119,17411. 19911119,94141941191
19110191,111911941111 languidos, 119111. 1111111191,111117. 191116119719191

191111199119116111997991999191199. latus, 19911. 111116.

111177171191191 14η,919,199;1. 111111,7911.416. lege, 111111. 111 11161“

11711. laniatum, 204: 94. 11991199114911. 19176141141111141
1111911,991191 991171 laniique, 199117. 1191191191,491 17. 11 1991161 111141

191111. 19911191999119. , 111ἀ1111111,46111. 117111119911-
1111011991,1911111199114711999,11911, laudando, 9911911991 legem, 411161 1171161

1111901111111191 1971911199,11116111911. 71116117. 171191117119.

191 119 14. hpsum, ¹50 : 7. 1111111191. 411 19. legendo, 111 1 19.
19119111,11161191191 lapsus , pm. 217: 191 1191191111,911911111 1999911, 41 111.

11916. 191111. 11. legeremus&

· laborum, 791 19 1141 laqueis,140:17. 11911119,191111149117. 14791,111111.411191441

11. laqueo, 99 1 19· 19911111,1119. 11111911911411191
11191171111149119119919111111. laudas, 111114. 111611111167119,
· 19911411961191197199191,4919. , 1191111119117119111. 171119191116141

11111. .. 1917111,991191491111 laudatum, 641111161 11711911991171
1199119999411111411 ⁶4:5- 17. 191117.

23· 11171119,4111 14916. laudavit, 111 14. legi, infin. 111 11.
119911911119 1 2. largitionem: 9. laude, 19911. legibus, 61 191 11 111
111111111164111. largitionem, 741 1. laudes, 111111. 1911 91. 191 1149111144111
1119919116119. , 1971119919119,9ο11911191119119,71117. 16911111691111171
lactaverat, 11111. 19411111141191 1911111917114. 17,19. ,
11991991,191111. 11611. humanu. legionarias‚1062n. ·
¹lacenun,208:11. ¹ largiremus. 119111941191111111. 19119991911914.
’111915991119719 111719911991191499191 111191911161191116116. 19919991,191191991111
1119111199,1919. 6119. 11111919,191111. 191141191116 1 91
19991111911191,119119. - 11111“119,19116. 1111119,199119. 111161199116.
1199171919,111111. 19111,197114. 11610111114· 1911991111111431161111 ’
111111111991111111711141 111111119971119111. 191191199114199119. 1411191911991191

11111119119111. 11191111,1419. 19999191119111111119. 14911911791111
Δ 19ἃω9719. 111911119111119. 19111114119. 199114.
13991419. , 11119119,197114. 111911,9111616116, 19819111999114. ·
Lacamnzzt· 4 11111911199111, 11 1 111 1117919174161791 199109991199111146111
{arimanni-unul ¹05=14· 711911419917194119319,9491.171611991

141117. laffitudo, 119119. 1111141711141111 91116114.
1161111111 14. 1111,1ο6111. ’ 116161 14711. legimns, 191 1ο.
19191991141111114. 1111,611991191119. ,199111999141119 11111911976111. «1 4

 

